12517380
12517381
12517382
12517383
12734472
12734473
12734474
12380170
12380173
12865567
12865568
12865570
12865571
12865572
12865575
12865576
12865579
12865580
12609579
12634211
12634212
12634213
12634223
12634224
12634225
12378231
12378236
12613765
12370061
12984463
12984465
12374187
12374190
12374198
12374208
12374209
12984513
12374211
12984516
12374213
12984518
12374215
12374216
12374217
12374218
12374214
12794058
12984520
12794057
12984524
12780783
12984534
12984539
12780785
12613890
12613891
12613892
12613893
12613894
12613895
12613896
12980499
12368159
12980515
12368173
12368174
12609432
12814657
12814658
12380483
12814661
12814662
12773704
12814665
12814666
12773706
12773705
12814669
12814670
12773710
12773712
12814673
12773714
12773713
12814676
12773717
12773718
12773716
12814674
12814683
12376415
12376419
12613993
12613994
12613996
12376430
12614000
12779894
12614012
12614017
12614018
12814726
12814732
12814735
12814736
12814737
12814738
12837271
12837279
12837283
12837287
12837288
12837289
12607923
12607924
12607925
12837301
12837302
12837303
12984759
12984758
12607931
12814790
12814799
12814800
12814801
12780053
12356150
12356153
12356174
12773971
12374212
12370545
12370546
12370550
12370555
12370558
12370565
12774024
12774031
12421781
12380825
12380831
12421798
12757679
12757684
12757685
12757687
12814667
12814668
12368607
12368608
12368612
12368619
12368620
12368621
12368622
12368623
12612355
12610335
12610336
12565284
12565285
12565286
12565287
12565288
12565290
12565291
12565292
12376904
12376907
12356429
12356430
12376911
12356432
12356433
12356431
12401545
12997524
12981141
12997525
12981152
12417953
12981153
12417957
12417958
12784566
12784567
12784568
12579774
12784575
12784576
12784577
12379078
12997581
12784590
12997583
12422096
12997585
12997586
12997587
12997584
12997582
12422106
12997595
12997596
12997597
12997598
12997599
12997600
12755939
12755941
12784638
12784641
12784642
12784643
12784644
12784645
12403731
12403732
12403733
12403735
12403736
12403737
12403738
12780568
12403742
None
12612674
12612675
12612681
12612687
12835919
12835921
12835930
12835931
12371041
12371047
12942495
12942496
12942505
12942506
12942507
12614826
12612781
12612780
12612783
12612784
12612778
12612786
12942516
12942517
12942518
12612791
12612792
12612793
12612790
12612789
12612788
12942527
12942528
12942529
12614850
12614848
12612807
12614857
12614858
12614859
12614860
12381396
12381397
12381398
12381399
12381400
12984515
12381403
12381409
12369122
12381411
12381412
12381410
12602595
12369127
12602594
12371177
12369130
12369132
12614893
12780782
12614892
12780784
12614897
12780786
12780787
12780788
12780789
12780790
12780791
12780792
12780793
12780794
12780795
12780796
12379420
12674343
12674344
12674345
12674346
12365098
12836147
12836156
12367189
12367190
12367191
12612950
12367193
12367194
12367196
12367200
12367201
12367203
12367205
12373391
12373392
12613018
12373403
12373404
12780957
12780958
12780959
12780960
12780965
12780968
12613050
12773707
12773708
12773709
12608988
12608990
12611081
12611082
12379714
12379719
12379724
12613198
12613199
12613200
12379729
12613203
12613206
12379734
12379737
12357258
12603040
12609437
12633767
12633776
12633777
12613298
12621492
12422840
12633786
12422843
12613311
12613312
12613313
12613314
12979920
12979921
12979922
12979923
12979924
12979925
12979926
12979927
12979928
12979929
12979930
12979931
12979932
12979933
12979934
12979935
12979936
12979937
12979938
12979939
12611301
12611302
12611303
12611304
12611305
12611306
12611307
12611308
12375789
12422894
12611320
12381949
12611326
12611327
12611328
12611329
12611330
12611325
12381956
12377892
12377899
12373806
12377909
12373820
12998465
12998467
12998468
12998470
12998471
12998474
12998476
12998480
12998481
12998482
12998483
12998484
12998485
12998486
12998487
12998488
12355416
12355417
12998491
12355420
12355421
12998490
12998489
12998496
12611432
12611434
12611439
12777358
12607381
12394391
12394392
12394393
12607386
12609433
12609434
12918685
12609438
12918680
12918682
12918683
12609436
12394397
12609435
12918687
12609441
12609440
12609439
12609442
12369840
12369848
12369852
12369853
12369854
12652480
12836808
12836809
12836810
12865488
12865489
12421072
12865493
12865495
12357604
12357612
